Case 1   Data Name: ../Instances/p1   Time cost: 2.214106321334839
Cost: 19449.0
1 1 1 1 1 1 1 1 1 1 
2 6 4 6 1 2 9 2 4 5 2 4 1 6 2 3 7 4 6 4 0 1 4 4 8 3 5 5 0 5 5 6 9 8 4 0 9 3 5 9 3 2 2 3 9 0 6 3 7 7 
Case 2   Data Name: ../Instances/p2   Time cost: 2.4688355922698975
Cost: 18413.0
1 1 1 1 1 1 1 1 1 1 
0 5 2 2 1 6 4 3 4 6 9 7 5 3 2 1 2 0 5 4 6 8 8 4 3 6 5 9 3 1 6 2 2 2 0 2 7 0 2 6 6 2 0 5 4 1 7 3 8 5 
Case 3   Data Name: ../Instances/p3   Time cost: 2.297879695892334
Cost: 20779.0
1 1 1 1 1 1 1 1 1 1 
7 0 0 8 3 5 7 7 2 2 0 8 2 6 4 3 3 0 4 5 1 3 4 4 9 2 1 6 7 2 2 6 4 3 4 1 7 3 4 4 0 2 1 6 3 6 4 8 6 2 
Case 4   Data Name: ../Instances/p4   Time cost: 2.9009315967559814
Cost: 23221.0
1 1 1 1 1 1 1 1 1 1 
2 4 2 0 8 3 2 8 9 3 0 8 6 9 9 3 9 0 5 2 1 1 9 9 4 5 2 2 4 3 7 1 2 7 4 9 4 0 3 2 2 3 1 3 8 5 4 4 0 0 
Case 5   Data Name: ../Instances/p5   Time cost: 5.256844520568848
Cost: 20832.0
1 1 1 1 1 1 1 1 1 1 
5 7 1 9 3 0 8 9 9 6 4 2 0 4 4 3 9 1 2 3 3 0 0 9 4 7 1 5 7 9 2 4 1 6 6 9 2 3 2 0 1 4 2 7 7 6 7 8 3 5 
Case 6   Data Name: ../Instances/p6   Time cost: 4.805648565292358
Cost: 17907.0
1 1 1 1 1 1 1 1 1 1 
8 4 1 5 3 9 7 9 3 5 9 0 8 1 0 8 7 0 6 4 6 6 9 3 2 1 6 2 1 3 9 3 0 2 5 7 7 4 1 2 3 8 5 6 5 0 2 2 1 4 
Case 7   Data Name: ../Instances/p7   Time cost: 4.845618963241577
Cost: 20641.0
1 1 1 1 1 1 1 1 1 1 
8 9 3 1 5 7 4 7 8 5 9 5 8 2 4 0 2 3 6 9 7 4 6 9 1 3 5 8 3 2 1 9 6 2 4 1 9 3 6 6 6 4 0 2 7 4 1 3 8 0 
Case 8   Data Name: ../Instances/p8   Time cost: 4.655010461807251
Cost: 22433.0
1 1 1 1 1 1 1 0 1 1 
6 3 5 6 8 5 3 2 9 2 9 1 4 1 4 3 4 2 6 4 5 9 9 0 5 8 4 1 0 5 9 3 0 0 6 1 8 3 5 5 1 0 5 9 9 6 1 0 4 0 
Case 9   Data Name: ../Instances/p9   Time cost: 0.3777740001678467
Cost: 19937.0
1 1 1 1 1 1 1 1 1 1 
6 8 6 7 5 9 6 7 2 5 9 0 2 9 7 1 1 8 2 2 6 7 9 1 2 5 1 5 7 1 3 6 2 0 6 5 4 6 3 5 5 1 5 5 1 8 4 3 8 4 
Case 10   Data Name: ../Instances/p10   Time cost: 0.3527975082397461
Cost: 18864.0
1 1 1 1 1 1 1 1 1 1 
8 2 0 8 3 6 1 7 0 5 0 8 4 2 0 1 2 4 9 3 4 5 6 8 4 5 2 2 7 1 3 6 0 0 4 7 2 1 3 1 2 6 5 5 8 5 2 0 1 1 
Case 11   Data Name: ../Instances/p11   Time cost: 0.3488013744354248
Cost: 21121.0
1 1 1 1 1 1 1 1 1 1 
5 2 1 5 0 9 0 9 6 5 6 8 8 2 4 0 4 0 3 9 9 7 1 1 0 3 5 4 3 6 2 9 1 5 7 2 3 2 0 6 1 0 4 6 8 2 5 1 9 3 
Case 12   Data Name: ../Instances/p12   Time cost: 0.39577174186706543
Cost: 22761.0
1 1 1 1 1 1 1 1 1 1 
8 0 8 6 2 8 5 2 7 0 6 8 6 2 0 1 1 3 8 7 6 4 9 3 7 8 3 3 3 9 2 6 9 6 6 7 4 0 2 5 1 9 3 5 1 3 4 1 3 3 
Case 13   Data Name: ../Instances/p13   Time cost: 0.44574570655822754
Cost: 23029.0
1 1 1 1 1 1 1 1 0 1 1 1 1 1 1 1 1 1 1 1 
6 9 2 0 18 10 11 5 9 3 15 19 14 6 0 14 1 7 7 9 2 18 14 1 6 17 16 4 14 12 2 15 13 2 4 19 6 5 3 18 2 7 7 7 19 16 7 0 18 19 
Case 14   Data Name: ../Instances/p14   Time cost: 0.5246989727020264
Cost: 21936.0
1 0 1 1 1 0 1 1 1 1 1 1 1 1 1 1 1 1 1 1 
15 19 15 14 19 18 10 13 12 6 19 4 3 9 14 12 13 7 3 15 2 16 14 19 7 18 11 14 7 17 3 0 12 19 8 2 7 14 11 7 19 2 2 12 17 18 12 15 7 6 
Case 15   Data Name: ../Instances/p15   Time cost: 0.5276978015899658
Cost: 25428.0
1 1 1 1 1 1 1 1 1 0 1 0 1 1 1 1 1 1 1 1 
16 8 7 10 17 17 12 18 15 4 6 15 15 18 3 13 7 3 18 0 7 2 15 17 12 14 3 3 15 17 3 10 6 5 18 1 2 4 4 14 5 7 14 16 17 15 3 19 4 6 
Case 16   Data Name: ../Instances/p16   Time cost: 0.5346968173980713
Cost: 27690.0
1 0 1 1 0 1 1 1 1 0 1 0 1 1 1 1 0 1 1 1 
14 17 10 3 14 12 0 18 8 7 5 17 8 5 15 10 15 0 17 10 19 3 15 18 0 0 3 14 17 19 19 6 7 10 8 13 3 19 6 13 13 6 3 2 6 5 3 0 13 17 
Case 17   Data Name: ../Instances/p17   Time cost: 0.48471951484680176
Cost: 23892.0
1 0 1 1 1 1 1 1 1 1 1 1 1 1 1 1 1 1 1 0 
13 5 0 0 15 14 17 7 16 7 4 18 4 10 11 17 14 2 17 6 18 12 7 15 12 15 18 11 3 18 14 13 3 7 3 8 0 11 2 14 12 5 15 9 3 16 14 9 13 8 
Case 18   Data Name: ../Instances/p18   Time cost: 0.4467451572418213
Cost: 21408.0
1 1 1 1 1 1 0 1 1 0 1 0 1 1 1 1 1 1 1 1 
7 17 13 13 10 12 8 15 1 2 2 5 2 5 13 12 1 19 14 8 12 4 18 14 2 18 0 13 15 4 12 3 14 0 3 18 4 18 14 19 7 16 5 12 8 12 15 2 1 14 
Case 19   Data Name: ../Instances/p19   Time cost: 0.49171900749206543
Cost: 24917.0
1 1 1 1 1 1 1 1 0 0 1 1 1 1 1 1 1 1 1 1 
0 10 7 16 1 3 0 7 3 2 5 11 11 18 18 6 13 12 17 5 17 13 13 2 7 14 16 5 19 4 4 5 14 7 14 18 4 17 1 2 3 14 12 3 4 3 15 14 14 6 
Case 20   Data Name: ../Instances/p20   Time cost: 0.39177417755126953
Cost: 28117.0
1 1 1 1 0 1 1 0 0 1 1 1 1 1 1 1 1 0 1 1 
2 14 2 9 11 12 3 11 15 16 6 3 13 9 13 18 18 5 13 12 9 13 16 12 18 11 3 3 15 19 3 14 18 12 12 15 14 1 19 14 10 0 5 12 16 9 14 1 3 6 
Case 21   Data Name: ../Instances/p21   Time cost: 0.47972631454467773
Cost: 22937.0
1 1 1 1 1 0 1 0 1 0 1 1 1 1 1 0 1 0 1 1 
16 12 19 13 14 12 14 12 8 14 11 1 1 14 11 14 14 18 3 12 1 10 0 13 11 11 16 1 18 16 13 19 19 3 19 18 19 1 6 19 18 4 14 0 6 18 2 14 4 18 
Case 22   Data Name: ../Instances/p22   Time cost: 0.4897181987762451
Cost: 21617.0
0 0 0 1 1 1 1 1 1 1 1 1 1 0 1 1 1 1 1 0 
12 4 10 9 14 4 8 16 3 3 17 17 3 10 15 3 12 3 16 5 12 12 7 11 9 4 18 14 4 12 12 17 4 14 16 11 14 14 11 12 14 5 17 18 11 11 6 8 7 9 
Case 23   Data Name: ../Instances/p23   Time cost: 0.37378811836242676
Cost: 24350.0
1 1 0 1 1 1 1 1 1 0 1 1 1 0 1 1 1 1 1 1 
0 1 14 19 19 8 0 16 15 11 5 11 3 14 4 17 12 8 18 4 1 19 6 19 8 11 7 4 10 14 15 12 1 10 18 3 11 5 19 5 10 7 7 15 10 8 14 8 18 0 
Case 24   Data Name: ../Instances/p24   Time cost: 0.4567387104034424
Cost: 27981.0
1 0 0 1 1 1 1 1 1 1 1 1 1 0 1 1 0 1 1 1 
0 6 15 3 15 11 8 0 19 11 7 4 6 9 15 9 9 10 14 10 7 14 8 18 9 7 10 7 15 12 12 9 5 14 18 14 10 18 4 18 3 17 5 0 7 4 7 10 10 18 
Case 25   Data Name: ../Instances/p25   Time cost: 1.2652921676635742
Cost: 88301.0
1 1 1 1 1 1 1 1 1 1 1 1 1 1 1 1 1 1 1 1 1 1 1 1 1 1 1 1 1 1 
27 20 20 8 9 14 4 17 1 0 8 8 9 5 1 2 25 0 8 28 22 21 5 21 21 9 6 6 24 17 24 2 29 11 11 8 16 21 17 6 14 2 2 23 28 4 28 10 9 14 17 8 25 6 2 20 21 15 17 27 0 14 8 0 13 23 4 3 16 7 28 22 19 11 10 14 15 11 21 12 8 3 15 8 23 7 9 5 11 24 4 11 24 1 9 16 19 22 20 7 14 8 28 25 19 16 22 11 17 29 5 0 15 24 20 25 5 6 5 1 0 14 11 4 28 14 26 17 15 2 3 8 1 21 28 4 15 2 20 8 8 20 9 14 3 22 19 18 28 27 
Case 26   Data Name: ../Instances/p26   Time cost: 2.1097917556762695
Cost: 87797.0
1 1 1 1 1 1 1 1 1 1 1 1 1 1 1 1 1 1 1 1 1 1 1 1 1 1 1 1 1 1 
14 7 20 20 24 4 15 24 16 0 2 25 4 19 1 14 9 19 19 11 2 29 14 1 12 9 19 2 2 24 1 29 1 0 1 12 3 27 23 22 21 7 11 14 27 21 24 1 25 26 21 0 25 9 21 22 6 20 3 19 21 0 25 27 8 14 5 14 9 21 23 28 22 8 29 9 22 29 1 9 4 4 4 17 24 11 11 1 17 13 5 16 0 21 16 29 11 16 24 4 0 29 1 27 28 24 11 7 27 9 5 21 23 12 18 6 12 14 17 14 18 22 11 4 2 12 1 9 16 25 20 4 2 10 19 0 21 4 20 19 6 28 23 3 8 13 11 10 13 26 
Case 27   Data Name: ../Instances/p27   Time cost: 2.229722023010254
Cost: 91604.0
1 1 1 1 1 1 1 1 1 1 1 1 1 1 1 1 1 1 1 1 1 1 1 1 1 1 1 1 1 1 
7 20 7 2 5 22 24 8 7 19 8 17 29 4 26 8 0 28 27 26 0 28 6 28 2 16 19 5 15 8 15 24 7 5 0 28 14 29 2 25 14 11 13 18 21 10 17 0 23 23 6 14 14 2 24 8 25 16 1 23 17 7 29 5 13 3 2 12 13 20 4 24 4 11 23 2 4 20 6 6 11 20 3 14 1 0 24 7 21 9 12 8 17 15 29 11 23 14 4 28 16 10 14 4 13 25 2 20 28 7 25 2 28 9 28 20 8 8 7 5 15 18 17 28 18 26 24 26 8 25 29 15 23 1 0 27 25 21 21 8 24 2 1 0 2 3 19 3 21 19 
Case 28   Data Name: ../Instances/p28   Time cost: 1.405195951461792
Cost: 97892.0
1 1 1 1 1 1 1 1 1 1 1 1 1 1 1 1 1 1 1 1 1 1 1 1 1 1 1 1 1 1 
20 5 18 18 11 12 7 7 7 17 15 16 25 7 25 16 20 5 23 21 1 14 25 10 7 0 2 4 28 15 18 15 26 8 7 8 15 3 1 18 29 3 18 25 10 11 19 13 21 24 14 13 17 6 26 12 14 1 13 25 19 15 27 14 27 0 9 27 17 0 28 0 25 17 15 19 10 0 26 1 18 1 23 18 15 11 15 14 2 21 23 8 8 29 11 22 13 7 16 0 20 5 0 0 17 22 25 2 2 19 23 14 17 3 0 6 24 9 5 18 28 14 0 1 8 7 13 3 8 21 7 1 2 4 6 11 15 5 20 22 28 2 15 19 3 24 22 4 22 6 
Case 29   Data Name: ../Instances/p29   Time cost: 1.7020263671875
Cost: 89589.0
1 1 1 1 1 1 1 1 1 1 1 1 1 1 0 1 1 1 1 1 1 1 1 1 1 1 1 1 1 1 
6 13 28 12 18 23 20 8 21 2 1 17 11 4 22 11 3 11 19 17 23 6 4 29 6 4 28 11 12 27 1 21 17 2 18 15 26 0 25 3 9 10 2 7 2 7 6 18 5 17 8 18 2 11 2 15 24 15 3 2 0 21 10 25 21 18 29 26 0 15 20 20 22 24 4 22 24 15 7 13 8 7 0 11 27 17 20 24 20 25 19 9 20 2 8 0 21 1 24 6 29 9 20 11 16 18 24 8 28 24 9 18 24 9 16 2 29 21 4 5 1 18 0 25 11 23 18 2 25 26 2 15 2 21 16 2 13 0 4 6 11 19 17 15 2 28 11 19 20 1 
Case 30   Data Name: ../Instances/p30   Time cost: 1.2642765045166016
Cost: 85710.0
1 1 1 1 1 1 1 1 1 1 1 1 1 1 1 1 0 1 1 1 1 1 1 1 1 1 1 1 1 1 
24 17 2 17 7 22 14 8 11 22 18 21 13 29 3 13 25 25 13 6 21 25 17 29 15 3 19 11 5 10 0 25 13 5 7 20 2 3 3 19 17 28 20 24 29 19 22 6 24 18 19 12 5 10 17 3 11 26 5 25 24 11 22 0 1 6 12 25 11 8 27 14 20 22 1 29 14 18 21 17 13 24 11 17 13 4 23 4 24 0 24 20 15 11 18 29 20 27 27 21 14 7 2 21 0 2 11 29 10 8 20 11 18 7 17 5 25 9 24 23 3 19 4 29 2 25 26 0 3 27 0 28 3 0 21 27 25 12 29 15 27 21 13 27 25 1 6 7 10 9 
Case 31   Data Name: ../Instances/p31   Time cost: 1.2932407855987549
Cost: 93449.0
1 1 1 1 1 1 1 1 1 1 1 1 1 1 1 1 1 1 1 1 1 1 1 1 1 1 1 1 1 0 
20 27 7 7 17 21 21 7 9 28 19 18 5 23 3 14 25 18 24 11 8 20 7 19 1 11 2 24 9 20 13 5 18 10 7 14 7 24 10 4 28 21 25 8 11 4 10 21 3 2 24 19 5 27 11 22 5 25 6 11 9 12 10 18 17 2 4 13 18 0 3 26 10 17 22 28 15 4 2 7 2 7 16 5 20 18 3 23 15 4 2 7 28 23 22 17 17 1 23 27 15 2 7 23 25 7 9 27 15 23 28 28 26 7 18 8 8 28 17 7 28 18 25 14 1 4 0 5 2 3 20 22 11 19 19 22 13 21 24 26 26 18 8 2 19 24 5 28 15 9 
Case 32   Data Name: ../Instances/p32   Time cost: 1.2433059215545654
Cost: 94105.0
1 1 1 1 1 1 1 1 1 1 1 1 0 1 1 1 1 1 1 1 1 1 1 1 1 1 1 1 1 1 
7 5 3 29 8 28 6 24 5 2 8 6 29 15 25 17 29 17 21 2 11 8 11 20 25 0 14 5 25 2 0 24 22 11 17 0 28 20 24 6 29 18 5 28 24 29 23 22 5 23 5 24 14 5 28 8 2 27 16 2 17 5 16 2 21 0 3 1 17 15 18 6 17 17 16 13 3 9 18 9 9 10 9 2 23 24 14 9 3 29 22 29 25 10 20 24 22 23 27 25 17 25 25 0 18 9 18 2 3 23 9 16 27 2 20 26 9 16 27 16 7 16 8 26 17 14 2 1 5 28 4 25 15 9 16 17 6 6 23 15 20 27 27 29 21 25 19 2 5 13 
Case 33   Data Name: ../Instances/p33   Time cost: 1.277251958847046
Cost: 84595.0
1 1 1 1 1 1 1 1 1 1 1 1 0 1 1 1 1 1 1 1 1 1 1 1 1 1 1 1 1 1 
13 27 20 22 21 22 19 27 18 18 10 20 28 28 2 28 28 21 18 1 11 17 6 4 20 1 19 28 20 27 23 2 9 5 5 29 28 26 10 24 2 13 21 23 29 10 8 13 16 15 4 28 9 2 17 14 5 8 24 14 19 17 11 24 0 29 6 14 20 27 14 19 19 13 13 19 24 13 19 22 3 0 8 17 3 0 27 7 16 13 25 15 1 20 14 0 2 4 17 18 5 5 14 18 19 16 8 19 17 22 19 21 27 5 0 22 15 27 22 17 3 25 0 9 8 15 21 2 20 28 25 15 3 21 19 5 25 1 13 19 0 23 1 25 8 16 1 23 6 28 
Case 34   Data Name: ../Instances/p34   Time cost: 1.2762675285339355
Cost: 87241.0
1 1 1 1 1 1 1 1 1 1 1 1 1 1 1 1 1 1 1 1 1 1 1 1 1 1 1 1 1 1 
18 3 16 11 13 9 23 20 16 13 0 24 24 7 22 20 8 17 8 3 11 23 24 1 6 18 19 28 26 19 20 3 18 22 14 16 3 15 5 20 3 4 19 26 11 7 29 29 8 14 13 13 19 8 23 25 25 20 27 12 0 18 13 22 5 6 20 14 8 1 5 7 2 14 9 25 4 17 14 28 13 26 27 29 24 23 5 26 13 27 4 26 13 19 19 17 0 25 27 19 3 16 5 11 25 26 22 7 4 4 14 20 17 12 12 21 9 11 27 3 8 29 2 17 2 27 3 10 6 10 4 21 29 23 5 5 17 12 28 9 19 6 21 0 2 20 24 27 21 21 
Case 35   Data Name: ../Instances/p35   Time cost: 1.2163035869598389
Cost: 90647.0
1 1 1 1 1 1 1 1 1 1 0 1 1 1 1 1 1 1 1 1 1 1 1 1 1 1 1 1 1 1 
26 4 12 17 29 21 0 21 9 2 16 9 20 21 14 1 4 17 16 19 12 9 18 13 2 16 6 19 5 27 28 25 9 12 27 5 9 15 15 14 16 25 23 12 1 16 24 5 8 1 15 19 8 3 3 0 8 26 26 13 16 11 20 13 29 9 2 24 7 11 16 21 9 1 2 2 24 13 2 2 15 11 23 29 9 14 9 28 19 20 11 19 17 24 22 23 2 12 29 22 12 3 27 2 19 23 11 17 5 0 11 17 24 9 25 12 2 5 11 20 22 4 3 6 8 11 9 12 14 14 21 0 29 12 3 27 19 3 15 19 5 27 14 23 7 7 25 3 19 19 
Case 36   Data Name: ../Instances/p36   Time cost: 1.2153055667877197
Cost: 95365.0
1 1 1 1 1 1 1 1 1 1 0 1 1 1 1 1 1 1 1 1 1 1 1 1 1 1 1 1 1 1 
1 1 11 0 29 24 0 8 21 7 1 29 24 11 19 21 21 4 27 7 2 20 13 11 26 2 20 17 26 19 19 17 4 14 13 19 20 2 24 3 11 25 15 22 9 12 27 2 21 3 21 6 29 14 5 24 7 7 6 16 21 8 21 15 0 11 18 13 15 6 16 6 23 0 23 24 1 25 13 4 0 9 2 2 20 6 6 16 11 19 26 7 11 18 18 21 19 28 0 8 5 17 14 19 17 17 29 19 4 20 17 26 12 11 22 28 6 5 29 3 14 17 8 24 28 17 9 14 15 25 7 11 24 23 2 6 13 24 20 3 0 5 4 8 6 1 8 14 7 15 
Case 37   Data Name: ../Instances/p37   Time cost: 1.271270990371704
Cost: 87626.0
1 1 1 1 1 1 1 1 1 1 1 1 1 1 1 1 1 1 1 1 1 1 1 1 1 1 1 1 1 1 
14 24 27 8 13 17 9 17 17 29 10 21 1 14 7 1 21 13 18 18 11 0 29 11 14 1 13 11 7 17 0 29 11 9 19 25 0 25 19 13 22 13 4 29 24 17 10 23 11 12 17 14 25 14 15 2 8 21 12 8 12 2 17 5 11 22 18 24 21 7 26 5 25 12 15 5 26 12 9 7 29 11 26 7 11 28 2 27 5 20 2 23 24 7 14 21 29 24 9 21 20 13 20 22 8 17 27 5 13 20 3 17 13 18 11 22 16 6 24 25 19 14 7 7 13 23 21 5 15 7 0 5 23 15 12 11 2 12 14 3 16 19 11 21 6 9 8 28 0 11 
Case 38   Data Name: ../Instances/p38   Time cost: 1.203312635421753
Cost: 83776.0
1 1 1 1 1 1 1 1 1 1 1 1 1 1 1 1 1 1 1 1 1 1 1 1 1 1 1 1 1 1 
28 27 12 25 3 1 1 13 23 17 23 28 12 7 21 15 0 14 18 11 22 18 10 14 24 28 8 13 5 0 28 11 19 8 17 16 28 13 3 21 11 13 7 10 0 9 11 20 13 27 8 9 6 25 11 19 20 2 17 3 0 3 11 28 8 13 27 8 29 12 24 17 26 8 3 27 13 8 3 29 21 0 27 21 17 4 28 7 20 6 7 2 27 2 2 15 8 10 19 5 9 2 10 18 8 11 11 6 1 25 22 15 25 19 5 26 7 13 17 19 26 29 25 3 3 20 9 14 14 29 17 19 19 11 8 24 29 29 18 24 27 1 20 25 19 10 7 22 3 3 
Case 39   Data Name: ../Instances/p39   Time cost: 1.2262990474700928
Cost: 91520.0
1 1 1 1 1 1 1 1 1 1 1 1 1 1 1 1 1 1 1 1 1 1 1 1 1 1 1 1 1 1 
4 14 17 19 8 11 18 25 19 5 16 27 15 25 13 29 23 29 19 18 10 11 25 2 23 13 7 8 17 21 26 23 4 17 17 29 23 1 20 16 8 17 23 0 18 14 23 20 21 14 2 5 15 1 4 0 14 10 18 3 6 8 8 8 24 15 14 0 12 14 18 18 5 22 11 17 11 13 15 17 12 22 4 14 7 23 1 14 27 28 14 3 7 4 14 17 18 0 17 1 20 4 14 25 12 21 25 29 18 29 2 9 2 5 14 3 2 20 7 25 25 28 9 2 17 14 2 26 1 12 7 22 26 11 0 7 24 27 19 10 0 20 26 18 2 11 8 14 20 6 
Case 40   Data Name: ../Instances/p40   Time cost: 1.2232978343963623
Cost: 96726.0
1 1 1 1 1 1 1 1 1 1 1 1 1 1 1 1 1 1 1 1 1 1 1 1 1 1 0 1 1 1 
25 16 24 11 18 27 7 15 19 29 22 1 15 13 27 11 20 20 11 11 2 8 1 4 25 29 29 0 5 7 16 6 19 19 17 23 7 27 4 25 28 7 14 22 10 9 23 12 11 9 15 23 7 28 8 1 7 22 0 23 27 14 20 18 11 17 6 25 4 16 28 3 23 2 11 12 10 11 6 1 13 3 22 24 25 25 0 2 17 10 20 3 7 10 15 12 17 27 2 4 28 2 2 8 22 25 3 29 8 6 1 7 14 0 2 8 12 24 27 6 28 8 4 14 15 29 2 4 10 18 16 28 4 9 25 13 28 1 8 11 24 6 29 7 29 4 12 21 17 19 
Case 41   Data Name: ../Instances/p41   Time cost: 4.533404111862183
Cost: 14348.0
1 1 1 1 1 1 1 1 1 1 
9 5 1 9 6 7 6 5 6 2 3 2 2 9 2 1 7 4 4 1 3 6 4 4 9 0 6 3 0 2 1 4 2 2 3 0 5 5 6 9 7 0 2 1 2 7 4 2 4 0 9 6 3 6 2 5 3 7 8 3 0 8 2 0 9 6 6 8 4 4 1 8 8 6 6 7 0 7 4 7 2 7 3 9 2 7 9 7 7 7 
Case 42   Data Name: ../Instances/p42   Time cost: 0.5946784019470215
Cost: 17018.0
1 0 1 1 1 1 1 1 1 1 1 1 1 1 1 1 1 1 1 1 
12 8 13 10 19 17 16 4 18 7 9 12 18 9 12 13 15 7 11 10 6 9 19 18 6 10 10 18 11 8 11 5 18 10 0 5 12 11 15 10 15 18 4 7 12 5 14 11 19 9 11 2 3 6 15 11 17 10 15 14 2 9 15 11 12 11 0 10 9 11 5 3 16 12 19 6 14 17 10 2 
Case 43   Data Name: ../Instances/p43   Time cost: 0.6256225109100342
Cost: 18087.0
0 1 1 0 1 1 0 1 1 1 1 0 1 1 1 1 1 1 1 0 1 1 1 1 1 0 1 1 1 1 
1 15 26 28 22 7 12 28 8 7 4 8 12 10 24 21 18 26 23 20 21 7 28 20 1 26 4 10 20 28 8 23 13 8 9 18 15 18 29 15 12 5 27 13 1 28 8 16 29 27 2 21 9 14 4 21 24 17 29 7 10 23 7 1 29 17 27 23 20 4 
Case 44   Data Name: ../Instances/p44   Time cost: 37.5465042591095
Cost: 17416.0
1 1 1 1 1 1 1 1 1 1 
4 2 5 4 6 6 5 7 2 3 2 2 4 0 0 7 9 4 7 6 0 6 2 0 2 9 8 3 2 5 5 5 7 0 3 9 1 3 3 5 5 7 2 1 6 8 9 8 8 2 5 6 0 5 4 7 7 7 9 2 3 7 6 7 4 0 9 4 8 2 6 4 7 4 7 1 1 1 8 8 7 7 6 8 9 5 6 2 9 4 
Case 45   Data Name: ../Instances/p45   Time cost: 0.7085936069488525
Cost: 19061.0
1 1 1 1 1 1 1 1 1 1 1 1 1 1 0 1 1 1 1 1 
17 12 0 11 19 17 8 7 13 0 19 11 12 1 1 13 12 7 5 8 2 18 18 4 5 2 2 3 2 11 19 19 15 0 16 19 13 12 15 19 3 0 11 11 7 17 9 7 17 11 13 7 17 0 0 16 6 18 10 11 16 17 15 7 18 10 7 7 19 17 15 0 11 0 8 9 16 19 6 1 
Case 46   Data Name: ../Instances/p46   Time cost: 0.6556246280670166
Cost: 20895.0
1 1 1 1 0 1 1 0 1 1 1 1 1 1 1 1 0 1 1 0 1 1 1 1 1 1 1 1 1 1 
11 6 17 22 23 9 22 15 14 21 15 14 23 1 1 24 5 17 27 1 26 5 1 13 12 20 15 29 6 29 9 15 28 9 29 28 20 11 1 22 13 25 26 2 11 6 23 28 17 8 27 10 0 15 6 28 11 3 2 26 25 0 11 10 14 27 5 18 15 10 
Case 47   Data Name: ../Instances/p47   Time cost: 39.314491748809814
Cost: 15998.0
1 1 1 1 1 1 1 1 1 1 
2 4 8 6 6 4 5 0 0 8 9 8 2 4 6 1 9 1 7 0 4 8 2 4 5 7 6 5 2 2 1 4 5 2 7 4 6 4 1 3 6 3 9 5 1 8 3 4 5 5 5 7 3 8 2 7 6 9 9 6 5 4 2 7 0 7 2 0 9 5 7 0 7 6 3 5 2 9 6 3 1 7 9 0 8 7 6 6 0 7 
Case 48   Data Name: ../Instances/p48   Time cost: 0.7885491847991943
Cost: 18276.0
1 1 1 1 1 1 1 1 1 1 1 1 1 1 1 1 0 1 1 1 
18 11 19 1 3 11 6 8 6 14 2 19 6 0 6 3 4 13 3 7 1 11 1 1 6 13 6 6 7 4 2 12 10 13 9 4 11 2 13 18 0 13 1 19 8 3 2 5 12 10 13 13 2 8 11 18 11 11 8 18 8 4 17 13 18 19 19 11 1 18 15 3 17 11 1 18 4 17 3 6 
Case 49   Data Name: ../Instances/p49   Time cost: 0.6516449451446533
Cost: 19176.0
1 1 1 1 1 1 1 0 1 1 0 1 1 1 1 1 0 1 1 1 1 0 1 1 1 1 1 0 1 1 
14 29 1 4 0 23 8 17 8 0 19 5 18 13 25 14 2 19 12 24 8 12 15 15 17 6 14 24 13 23 28 13 0 1 29 11 23 14 19 15 13 22 25 12 6 14 9 26 18 19 1 20 19 22 8 25 3 29 25 23 1 6 26 20 15 24 1 12 23 5 
Case 50   Data Name: ../Instances/p50   Time cost: 17.075206518173218
Cost: 18188.0
1 1 1 1 1 1 1 1 1 1 
5 2 5 7 1 4 5 5 9 7 5 4 0 5 2 8 8 5 8 5 6 2 6 4 5 5 5 8 0 4 4 3 4 6 9 9 9 2 6 0 9 9 9 3 5 2 0 7 7 5 5 6 9 3 2 5 0 7 4 1 5 5 6 3 6 3 4 1 4 6 3 6 2 3 4 4 7 5 5 3 6 1 2 2 6 9 0 2 1 8 0 6 6 0 2 3 0 6 4 1 
Case 51   Data Name: ../Instances/p51   Time cost: 0.9034817218780518
Cost: 22182.0
1 1 1 1 1 1 1 1 1 1 1 1 1 1 1 1 1 1 1 1 
18 5 3 15 7 12 9 7 15 15 9 5 18 12 2 4 14 10 9 2 11 11 17 2 19 16 1 11 8 19 2 15 16 9 0 16 13 19 19 5 18 0 17 4 0 8 5 18 0 15 0 10 2 10 0 19 5 17 15 18 3 16 7 7 1 15 14 17 4 5 7 10 17 6 0 19 17 5 12 10 19 7 3 13 13 4 1 6 15 5 13 15 9 2 9 1 1 12 14 10 
Case 52   Data Name: ../Instances/p52   Time cost: 228.10840225219727
Cost: 22656.0
1 1 1 1 1 1 1 1 1 1 
3 1 2 0 4 6 3 7 7 7 4 2 0 6 5 4 5 2 4 8 8 3 7 3 5 5 1 0 5 2 5 9 3 3 7 6 7 3 6 2 2 5 2 2 6 9 3 7 0 0 3 7 4 5 4 2 0 6 3 1 9 9 5 5 3 5 0 1 2 0 9 7 2 3 4 9 7 3 4 8 2 0 5 8 9 6 2 3 9 8 7 0 0 7 7 8 4 9 6 7 
Case 53   Data Name: ../Instances/p53   Time cost: 1.3322374820709229
Cost: 27298.0
1 1 1 1 1 1 1 1 1 1 1 1 1 1 1 1 1 1 1 1 
8 7 3 19 10 5 1 17 11 4 6 10 2 10 7 7 16 18 4 13 11 9 3 0 5 2 9 17 10 19 10 4 0 2 0 14 18 17 4 14 2 14 6 14 19 19 18 6 7 4 15 13 10 8 4 8 15 9 15 3 5 19 15 16 6 3 15 18 15 12 1 10 15 15 10 10 1 8 5 1 1 5 2 19 15 3 3 15 0 6 13 15 13 17 15 0 13 15 11 16 
