Case 1   Data Name: ./Instances/p1   Time cost: 77.1509006023407
Cost: 10165.0
1 1 1 1 1 1 1 1 1 1 
8 8 1 6 3 8 2 4 4 1 9 0 3 2 0 3 4 0 9 7 3 4 6 4 2 5 7 5 0 5 2 6 0 3 9 4 4 3 3 4 1 8 1 5 7 0 4 0 4 0 
Case 2   Data Name: ./Instances/p2   Time cost: 73.07996916770935
Cost: 8517.0
1 1 1 1 1 1 1 1 1 1 
2 2 1 6 3 8 2 4 4 1 9 8 3 2 8 3 4 0 9 7 3 8 6 4 2 5 1 4 0 5 2 6 0 3 9 4 4 3 0 4 1 8 1 5 7 0 4 0 4 0 
Case 3   Data Name: ./Instances/p3   Time cost: 91.82392024993896
Cost: 11003.0
1 0 1 1 1 1 1 1 1 1 
0 8 5 6 3 8 2 4 4 5 9 8 0 2 8 3 4 0 9 4 2 4 6 4 2 5 5 5 0 5 2 6 0 3 9 4 4 3 0 4 3 8 3 7 4 0 2 0 4 3 
Case 4   Data Name: ./Instances/p4   Time cost: 98.69116044044495
Cost: 12457.0
1 1 1 1 1 1 1 0 1 1 
0 8 1 6 3 0 2 4 4 1 9 5 3 2 8 3 4 8 9 4 3 2 6 4 2 5 1 5 0 5 2 6 0 3 9 4 4 3 0 4 1 8 1 5 4 0 4 3 4 0 
Case 5   Data Name: ./Instances/p5   Time cost: 83.8928611278534
Cost: 10577.0
1 1 1 1 1 1 1 1 1 1 
0 8 1 6 3 8 2 4 4 1 9 8 3 3 8 0 2 8 9 7 3 4 6 4 2 5 1 5 0 4 2 6 0 2 9 4 4 3 3 2 1 8 1 5 7 8 9 0 4 0 
Case 6   Data Name: ./Instances/p6   Time cost: 73.88597083091736
Cost: 8970.0
1 1 1 1 1 1 1 1 1 1 
2 8 1 6 3 8 2 4 4 1 9 8 3 2 8 3 4 0 9 7 7 8 6 4 2 5 1 5 0 5 2 6 0 0 9 7 4 3 0 4 1 8 1 5 7 8 4 0 7 3 
Case 7   Data Name: ./Instances/p7   Time cost: 81.07543659210205
Cost: 10838.0
1 1 1 1 1 1 1 1 1 1 
8 8 1 6 3 8 2 4 4 1 9 8 3 2 6 3 2 0 9 7 3 8 6 4 5 5 1 5 0 5 2 6 0 2 9 7 4 3 0 4 1 8 1 5 7 0 4 0 4 3 
Case 8   Data Name: ./Instances/p8   Time cost: 79.05390477180481
Cost: 12886.0
1 1 1 1 1 1 1 1 1 1 
8 2 1 6 3 8 2 9 4 1 9 8 3 2 8 3 4 0 9 1 3 8 6 7 2 5 1 5 0 5 2 6 0 3 9 4 4 3 8 4 1 8 1 5 7 0 4 0 7 0 
Case 9   Data Name: ./Instances/p9   Time cost: 88.64591336250305
Cost: 9672.0
1 1 1 1 1 1 1 1 1 1 
8 8 1 6 3 8 2 4 4 1 9 8 3 2 8 3 4 0 9 7 3 8 6 4 2 5 1 5 0 5 2 6 9 3 9 4 4 3 0 4 1 8 1 5 7 0 4 0 4 0 
Case 10   Data Name: ./Instances/p10   Time cost: 85.89942979812622
Cost: 8344.0
1 1 1 1 1 1 1 1 1 1 
8 8 1 6 3 8 2 4 4 1 0 8 3 2 8 3 4 0 9 7 3 8 6 4 2 5 1 5 0 5 2 6 0 3 9 4 4 3 0 4 1 8 1 5 7 0 4 0 4 0 
Case 11   Data Name: ./Instances/p11   Time cost: 71.32620334625244
Cost: 10510.0
1 1 1 0 1 1 1 1 1 1 
8 8 1 6 1 8 2 4 4 1 9 8 0 2 8 0 2 0 9 4 1 8 6 4 2 5 1 5 0 5 2 7 0 2 9 4 4 0 0 4 1 8 1 5 4 0 4 0 4 0 
Case 12   Data Name: ./Instances/p12   Time cost: 71.09424924850464
Cost: 12267.0
1 1 1 1 1 1 1 1 1 1 
8 8 1 6 3 8 2 4 4 9 9 8 3 2 8 3 4 0 9 7 3 8 6 4 2 5 1 5 0 5 2 6 0 3 9 4 4 3 0 4 1 8 1 5 7 0 4 0 4 0 
Case 13   Data Name: ./Instances/p13   Time cost: 138.33860158920288
Cost: 10402.0
0 1 0 0 0 1 1 1 0 0 0 1 0 1 1 1 1 1 1 1 
16 1 7 7 1 15 17 13 14 17 15 19 1 6 13 11 15 7 17 6 14 15 15 19 6 17 16 17 1 17 13 7 13 16 1 18 11 19 19 13 14 16 5 16 11 5 14 6 19 6 
Case 14   Data Name: ./Instances/p14   Time cost: 138.78792524337769
Cost: 8814.0
1 0 1 0 1 1 0 1 0 1 1 1 1 1 1 1 0 1 0 1 
0 12 10 10 19 12 17 13 14 17 15 4 19 10 13 11 15 7 4 9 12 15 15 19 9 17 0 17 12 17 13 7 13 0 11 10 11 19 19 13 10 2 5 0 11 5 14 10 19 9 
Case 15   Data Name: ./Instances/p15   Time cost: 137.38400030136108
Cost: 11724.0
1 0 1 1 0 1 1 0 0 1 1 1 1 0 0 1 0 1 1 1 
0 12 10 10 12 18 3 18 12 17 15 17 12 6 2 3 15 10 17 9 12 15 15 2 6 17 0 17 3 17 2 15 2 0 3 10 11 18 2 2 6 0 5 0 11 5 12 19 2 9 
Case 16   Data Name: ./Instances/p16   Time cost: 149.28375244140625
Cost: 13491.0
0 1 0 0 1 0 0 1 0 1 1 1 1 1 0 1 1 0 0 0 
16 12 7 10 1 12 4 13 12 4 15 4 1 10 13 11 15 10 4 11 12 9 15 4 11 4 16 11 1 4 13 7 13 16 1 10 11 1 1 13 10 16 15 16 11 13 12 10 4 11 
Case 17   Data Name: ./Instances/p17   Time cost: 138.22794842720032
Cost: 10009.0
1 1 0 0 1 0 1 1 0 0 1 0 1 1 0 1 0 1 0 1 
0 12 10 10 19 12 4 13 12 17 15 4 19 6 13 12 15 10 4 6 12 15 15 19 6 17 0 17 12 17 13 7 13 0 17 10 17 19 19 1 6 0 0 7 6 13 12 10 19 6 
Case 18   Data Name: ./Instances/p18   Time cost: 140.80936312675476
Cost: 8762.0
0 1 0 0 1 1 0 1 0 1 1 1 0 1 1 1 1 1 1 1 
16 1 7 10 1 15 17 13 14 17 15 4 1 10 13 11 15 10 4 18 14 15 15 19 9 17 16 17 1 17 13 7 13 16 1 10 11 19 19 13 10 16 5 16 11 5 14 10 19 9 
Case 19   Data Name: ./Instances/p19   Time cost: 139.29720520973206
Cost: 12574.0
0 1 0 0 1 0 1 1 0 1 1 1 1 0 1 1 0 0 0 1 
10 12 10 14 1 12 1 19 14 4 7 4 1 10 19 11 15 10 4 9 12 15 15 1 9 4 7 1 1 4 6 7 19 7 1 10 11 1 19 15 9 7 15 7 11 15 14 10 19 9 
Case 20   Data Name: ./Instances/p20   Time cost: 133.41185450553894
Cost: 14339.0
0 1 0 0 1 0 1 1 0 0 0 1 1 1 0 1 1 0 1 0 
7 12 6 7 1 18 4 13 12 4 15 4 1 6 13 11 15 6 4 6 12 15 7 13 6 1 7 1 16 4 13 7 13 15 1 6 11 1 18 13 12 15 15 7 11 13 12 12 4 11 
Case 21   Data Name: ./Instances/p21   Time cost: 133.60964727401733
Cost: 10400.0
0 1 0 1 1 0 1 1 0 0 1 0 1 1 0 1 0 1 0 0 
7 12 10 10 1 12 17 13 12 17 15 1 1 6 4 3 15 10 17 6 12 15 15 13 6 17 7 17 1 17 13 7 13 7 3 10 3 1 1 13 6 15 15 7 3 13 12 10 1 6 
Case 22   Data Name: ./Instances/p22   Time cost: 136.40720510482788
Cost: 9292.0
0 1 1 0 1 1 0 1 1 1 1 1 1 1 0 0 1 0 0 0 
16 12 10 10 1 12 1 13 12 4 7 4 12 10 13 11 5 10 4 9 12 5 7 2 9 4 16 1 1 4 13 7 2 16 1 10 11 1 1 13 10 8 5 16 11 5 12 10 2 9 
Case 23   Data Name: ./Instances/p23   Time cost: 145.77210593223572
Cost: 11077.0
0 0 0 1 0 0 0 0 0 1 1 1 1 1 1 0 1 1 0 1 
16 12 10 10 19 12 17 13 14 17 16 19 19 10 13 3 14 10 17 11 12 14 14 19 10 17 16 17 3 17 13 14 13 16 3 10 11 19 19 13 10 16 16 16 11 13 14 10 9 11 
Case 24   Data Name: ./Instances/p24   Time cost: 133.61796355247498
Cost: 13537.0
0 1 1 0 0 0 0 0 1 0 1 1 1 1 1 1 1 0 0 0 
16 12 10 10 12 12 1 13 14 11 15 1 1 10 13 11 15 10 1 8 12 15 15 1 10 1 16 1 1 11 13 15 13 16 11 10 11 1 13 13 10 16 15 16 8 13 14 10 13 2 
Case 25   Data Name: ./Instances/p25   Time cost: 637.2126243114471
Cost: 21633.0
1 0 1 1 0 1 0 1 1 0 0 1 0 1 1 1 0 1 0 1 1 0 1 0 1 1 0 1 1 1 
20 11 20 14 14 5 2 24 17 17 24 13 8 20 27 14 0 17 5 11 14 0 5 0 22 8 2 24 24 22 27 11 28 27 3 20 24 15 7 2 17 14 24 8 5 0 11 13 27 14 5 14 14 11 20 20 17 17 11 14 0 25 14 25 11 25 22 0 0 5 20 13 17 0 15 8 5 20 19 29 14 7 28 17 2 11 7 7 8 27 0 24 0 25 14 22 2 22 27 28 28 0 17 25 17 5 27 0 8 28 14 19 14 11 11 27 24 5 24 5 5 20 25 8 20 0 5 22 0 5 0 11 24 5 8 17 7 29 13 0 0 20 20 0 8 29 5 0 2 5 
Case 26   Data Name: ./Instances/p26   Time cost: 630.7430410385132
Cost: 19276.0
1 0 1 0 0 1 0 1 1 1 0 1 0 1 1 1 1 1 0 1 1 1 1 1 1 1 0 1 1 0 
13 16 8 17 20 5 14 24 28 0 24 28 19 20 7 2 14 11 0 11 2 0 21 7 27 8 2 5 24 24 5 7 20 11 20 13 24 15 23 14 17 14 9 20 9 14 11 20 7 28 7 14 14 5 13 20 2 2 0 20 11 5 20 27 11 25 22 0 15 24 8 13 11 17 24 8 9 20 14 9 8 0 20 17 7 0 17 25 8 25 2 9 2 0 11 9 2 2 21 11 8 0 17 25 19 11 27 7 28 8 14 17 14 11 11 23 24 15 11 24 5 19 11 20 8 17 25 9 7 22 0 11 24 15 28 0 0 25 13 17 0 8 20 17 14 25 11 5 2 11 
Case 27   Data Name: ./Instances/p27   Time cost: 606.6174356937408
Cost: 23837.0
1 0 1 1 0 1 0 1 1 1 0 1 0 1 1 1 0 1 0 1 1 1 0 0 1 1 1 1 1 1 
13 27 20 2 8 5 19 9 19 7 5 28 28 20 3 14 17 17 25 0 7 3 5 11 29 8 2 5 9 9 25 5 8 25 20 20 5 15 7 2 0 8 15 13 9 14 2 20 25 8 5 14 14 5 13 20 0 25 27 14 0 5 20 27 17 25 5 0 21 29 20 13 25 7 24 28 27 8 14 29 20 7 13 17 2 17 0 0 20 29 2 24 0 11 0 9 7 2 21 14 2 7 26 25 14 0 0 11 14 28 14 2 0 17 11 27 24 15 5 5 5 20 11 28 14 2 5 15 17 21 0 5 5 21 20 8 7 5 13 17 0 20 20 14 20 29 11 11 2 24 
Case 28   Data Name: ./Instances/p28   Time cost: 586.0196344852448
Cost: 27495.0
1 0 1 0 1 1 0 1 1 1 0 1 0 1 1 0 0 1 0 1 1 0 0 0 1 1 1 1 1 1 
14 11 8 17 20 5 0 9 8 26 29 20 20 20 4 14 14 0 5 0 7 7 11 2 0 20 7 24 5 9 11 25 28 27 20 20 24 24 25 14 0 8 24 8 24 14 7 13 11 28 29 28 0 5 20 13 2 27 4 14 0 24 20 27 11 0 17 0 29 9 14 13 0 7 25 20 9 13 28 9 13 0 20 17 19 7 11 0 20 29 19 24 2 0 17 24 7 4 11 14 8 17 17 11 2 29 0 27 28 14 14 14 2 11 25 4 5 9 5 24 5 8 27 8 14 11 5 29 25 9 0 11 24 24 13 14 11 29 20 11 17 8 13 14 20 5 25 5 2 5 
Case 29   Data Name: ./Instances/p29   Time cost: 573.3438909053802
Cost: 20459.0
1 0 1 0 1 1 0 1 1 1 0 1 0 1 1 0 1 1 0 1 1 0 0 1 1 1 0 1 1 1 
13 25 16 2 14 11 4 24 19 17 9 8 28 20 17 14 14 17 0 11 19 0 0 17 5 20 2 24 9 25 5 25 13 5 14 20 24 24 0 14 17 8 24 20 24 17 23 20 27 14 25 8 14 5 20 29 0 25 5 14 0 24 20 27 11 5 9 0 23 25 20 8 0 0 24 28 9 20 2 25 13 17 13 17 19 17 2 0 20 5 2 9 7 11 7 27 7 4 25 19 16 7 14 5 0 27 0 25 20 14 17 19 17 11 25 27 24 9 5 24 11 28 11 13 8 17 5 24 7 7 0 27 9 5 20 14 7 5 20 17 0 8 8 14 8 0 25 11 2 24 
Case 30   Data Name: ./Instances/p30   Time cost: 575.0486221313477
Cost: 19811.0
1 0 1 0 0 1 0 1 1 1 1 1 0 1 1 0 0 1 0 1 1 0 0 0 1 1 0 1 1 1 
20 27 8 19 20 5 14 24 28 0 25 20 28 13 0 2 0 7 11 0 14 17 5 2 9 20 19 24 5 25 29 25 8 29 20 13 24 24 25 14 0 14 9 28 5 2 0 8 25 8 7 28 14 5 28 8 0 27 11 14 17 5 7 11 17 11 9 17 5 24 13 13 5 17 24 14 9 20 14 9 20 0 28 11 19 17 0 0 20 11 2 24 0 11 7 24 17 19 29 20 8 17 17 25 19 5 19 11 2 10 0 2 17 11 11 29 24 24 5 24 17 28 11 13 13 0 24 5 7 11 17 27 11 17 8 14 11 29 14 0 0 8 20 14 8 25 25 5 7 5 
Case 31   Data Name: ./Instances/p31   Time cost: 572.1893723011017
Cost: 24574.0
1 0 1 0 0 1 0 1 1 1 0 1 0 1 1 0 1 1 0 1 0 0 1 1 1 1 0 1 1 0 
28 0 13 2 28 5 17 9 14 0 0 8 8 13 19 8 14 0 5 11 2 7 22 17 25 14 19 24 24 9 27 25 28 25 8 2 0 5 7 14 11 14 24 7 5 8 19 8 11 8 27 14 2 5 16 13 2 0 0 14 0 24 14 7 11 11 9 17 5 24 13 13 5 0 9 8 9 8 17 22 13 11 13 11 7 0 2 25 14 11 14 25 17 11 17 5 17 0 5 16 8 17 2 0 2 5 19 11 8 28 23 14 7 17 0 25 25 9 5 24 11 16 27 13 16 17 5 22 7 25 0 25 24 25 8 14 0 25 13 17 17 14 13 17 8 25 5 5 2 5 
Case 32   Data Name: ./Instances/p32   Time cost: 570.8897743225098
Cost: 26927.0
1 1 1 1 0 1 0 1 1 1 0 1 0 1 1 0 0 1 0 1 1 0 1 0 1 1 0 1 1 1 
13 11 20 14 28 5 3 9 20 17 9 13 28 20 17 14 7 17 0 11 17 11 25 7 5 20 19 11 5 9 25 25 13 11 20 13 24 5 17 2 0 8 29 20 9 14 2 13 25 20 29 28 14 5 8 14 14 11 27 14 0 24 20 0 11 0 24 0 24 2 13 20 17 0 24 8 9 20 0 24 20 7 8 0 19 17 2 17 8 24 2 24 2 11 19 9 17 2 27 19 28 11 14 11 19 29 11 11 14 8 14 8 17 0 11 5 5 5 24 24 5 20 29 13 2 17 25 24 11 25 0 27 24 25 14 14 1 11 20 0 0 8 20 14 22 11 25 5 17 24 
Case 33   Data Name: ./Instances/p33   Time cost: 573.0780220031738
Cost: 20774.0
1 0 1 0 0 1 0 1 1 1 0 1 1 0 1 1 0 1 0 1 1 1 0 0 1 1 0 1 1 0 
20 25 8 0 8 5 2 11 2 17 25 8 14 20 27 14 17 0 5 11 17 2 24 2 0 8 2 5 9 24 11 17 28 27 8 14 24 12 2 2 0 20 24 14 24 14 17 8 11 28 17 14 14 0 28 20 0 0 11 14 0 24 8 17 0 0 24 0 5 0 8 20 11 0 9 14 15 20 14 24 20 17 17 0 19 17 0 0 20 5 19 27 7 27 17 5 14 19 11 14 11 2 17 0 2 24 17 25 2 28 14 17 2 11 25 21 24 15 5 24 0 7 25 20 20 17 5 24 27 7 17 11 24 5 19 14 17 11 8 0 0 8 20 14 8 11 25 11 2 5 
Case 34   Data Name: ./Instances/p34   Time cost: 572.3097517490387
Cost: 18859.0
1 0 1 0 0 1 0 1 1 1 0 1 1 1 1 0 0 1 0 1 1 0 0 0 1 1 0 1 1 1 
8 11 28 2 14 5 14 24 2 0 24 8 8 20 7 14 17 7 5 11 2 17 25 19 9 20 17 24 24 11 5 5 13 0 8 20 24 24 7 14 0 14 9 2 24 14 11 13 25 8 24 14 2 5 8 20 2 25 7 14 17 5 20 11 17 25 25 0 5 24 20 13 11 11 9 8 9 20 19 24 2 17 20 17 17 17 2 17 8 29 19 24 19 17 7 24 17 7 25 20 13 7 17 17 2 0 17 7 20 8 14 14 12 11 11 27 24 29 24 24 5 28 27 13 13 0 25 9 0 0 0 0 5 25 8 17 0 0 20 17 0 19 20 17 20 29 5 5 2 5 
Case 35   Data Name: ./Instances/p35   Time cost: 571.8985137939453
Cost: 22165.0
1 0 1 0 1 1 0 1 1 1 0 1 1 1 1 0 0 1 0 1 1 1 0 0 1 1 0 1 1 1 
20 25 13 2 20 5 4 9 28 17 29 13 8 8 2 14 14 17 5 17 2 4 0 0 24 8 19 24 24 0 5 25 28 25 20 8 24 24 29 2 0 8 5 8 24 14 0 14 25 20 21 14 14 5 13 20 14 7 27 14 0 24 20 11 11 5 24 0 21 7 20 14 17 0 24 8 29 20 14 9 13 17 8 17 0 17 14 17 20 5 2 24 19 27 17 29 2 11 21 13 13 0 17 11 19 25 7 17 28 28 14 17 17 17 11 25 24 24 24 5 11 28 25 20 20 21 24 5 11 29 0 7 24 21 14 14 17 25 20 17 17 20 8 14 20 29 5 5 12 5 
Case 36   Data Name: ./Instances/p36   Time cost: 568.6789779663086
Cost: 28628.0
1 0 1 0 1 1 1 1 1 1 0 1 0 1 1 1 0 1 1 1 1 0 0 0 1 1 0 1 1 0 
13 27 28 17 8 17 19 24 7 0 0 13 8 14 17 19 17 17 27 0 19 17 9 7 5 20 19 24 5 9 11 17 2 27 14 13 24 24 17 2 0 20 15 20 9 2 17 8 17 8 11 0 14 5 13 13 17 25 17 14 0 24 13 25 0 11 24 0 15 9 20 20 11 17 24 28 5 6 2 5 8 11 13 7 7 0 2 0 14 0 17 9 2 7 7 5 2 19 24 28 28 7 0 25 2 0 4 25 28 8 14 19 2 0 25 5 24 15 24 0 11 18 11 14 18 25 5 15 27 27 0 0 24 19 28 14 4 24 20 0 17 8 8 17 8 11 25 5 11 5 
Case 37   Data Name: ./Instances/p37   Time cost: 573.0091807842255
Cost: 21885.0
1 0 1 1 0 1 1 1 1 1 0 1 0 1 1 0 0 1 0 1 1 0 0 1 1 1 0 1 1 0 
6 27 13 2 20 5 19 9 14 17 24 20 14 13 3 8 17 0 25 11 14 11 27 17 27 20 0 25 9 5 5 25 6 27 2 8 5 9 7 17 0 14 5 20 24 14 14 20 0 8 25 19 14 5 6 20 23 25 7 14 0 24 20 11 7 11 24 0 9 9 20 6 11 17 24 14 5 14 3 5 20 7 8 0 14 17 2 0 20 5 2 24 2 27 0 0 2 3 0 20 20 17 14 25 2 11 17 17 2 28 14 19 17 0 11 2 24 9 11 24 5 13 17 13 19 27 5 24 7 25 17 25 9 5 13 14 17 11 8 0 17 8 20 2 8 11 25 5 11 11 
Case 38   Data Name: ./Instances/p38   Time cost: 571.2719087600708
Cost: 19744.0
1 0 1 0 1 1 0 1 1 0 0 1 0 1 1 0 0 1 1 1 1 0 1 0 1 1 1 1 1 0 
13 11 13 2 18 11 2 24 28 17 0 13 28 20 4 14 0 17 17 11 19 7 5 17 24 14 11 24 5 22 11 17 18 11 20 8 24 24 7 17 0 2 24 2 7 17 11 13 27 20 24 14 14 5 13 20 2 17 27 14 0 11 20 11 26 0 25 0 22 5 13 13 5 0 24 13 22 20 8 5 20 7 13 11 17 0 0 4 20 27 17 5 0 7 0 22 2 7 25 20 8 17 14 25 17 5 0 11 2 8 0 19 2 11 11 7 5 5 0 5 5 8 25 13 18 11 24 5 0 24 0 11 24 25 13 14 17 5 20 17 17 20 13 14 20 25 25 5 17 24 
Case 39   Data Name: ./Instances/p39   Time cost: 573.3646492958069
Cost: 22939.0
1 0 1 1 1 1 0 1 0 1 0 1 1 1 1 0 0 1 0 1 1 0 0 0 1 1 0 1 1 1 
20 11 20 14 28 5 19 5 28 0 25 20 28 20 19 14 17 17 29 0 2 4 27 4 9 20 2 24 5 24 5 5 20 5 20 20 24 24 3 2 0 20 24 11 9 14 7 20 11 14 0 7 14 5 13 13 17 29 7 14 0 11 20 25 11 0 5 0 11 11 20 13 25 0 24 28 29 13 14 27 13 0 14 0 2 17 2 0 13 5 2 24 0 7 11 11 7 3 5 20 13 0 17 0 2 25 0 0 28 28 12 19 2 11 25 17 24 9 24 24 5 2 11 13 13 7 25 9 0 11 0 0 5 0 13 14 3 24 20 17 0 14 13 17 20 7 0 5 17 5 
Case 40   Data Name: ./Instances/p40   Time cost: 573.6575798988342
Cost: 26412.0
1 0 1 0 0 1 0 1 1 1 0 1 0 1 1 1 1 1 0 1 1 0 1 0 1 1 0 1 0 1 
20 11 20 2 16 5 0 24 8 17 24 20 13 20 2 14 14 15 27 0 2 29 25 17 22 8 19 24 9 25 25 25 20 29 20 20 11 24 17 14 0 14 24 8 24 14 2 13 27 8 11 7 14 0 20 13 2 25 0 14 0 5 8 17 17 11 11 17 9 22 13 13 11 14 9 8 22 14 2 24 13 0 13 0 11 17 2 7 20 11 0 24 7 11 17 24 2 8 29 20 20 19 17 11 0 5 7 0 14 2 14 0 17 0 17 25 24 9 24 11 11 20 11 20 17 0 5 24 11 25 0 27 24 22 2 8 17 17 20 17 17 13 13 14 8 11 25 5 17 5 
Case 41   Data Name: ./Instances/p41   Time cost: 122.68845510482788
Cost: 7334.0
1 1 1 1 1 1 1 1 1 1 
5 6 4 1 7 9 3 7 8 8 4 9 2 6 2 7 7 3 0 6 6 1 2 1 6 5 5 4 8 5 8 0 0 0 3 9 2 6 6 9 2 7 3 3 3 5 0 5 6 4 1 1 6 6 2 7 2 8 8 8 0 0 1 5 0 6 6 6 4 4 0 4 4 0 7 7 2 2 9 5 7 2 2 7 7 9 9 9 9 2 
Case 42   Data Name: ./Instances/p42   Time cost: 217.67470407485962
Cost: 8847.0
1 1 1 1 1 1 1 1 1 0 1 0 0 0 1 1 1 0 1 1 
2 10 3 5 15 18 16 3 16 1 8 18 6 10 19 15 0 2 14 14 5 4 5 8 8 8 4 16 2 4 1 19 6 8 14 10 10 0 0 1 1 2 2 16 5 14 8 18 15 15 16 1 1 4 2 5 16 14 14 14 3 3 4 3 3 3 0 15 19 6 10 18 6 19 19 18 18 7 19 19 
Case 43   Data Name: ./Instances/p43   Time cost: 283.60462975502014
Cost: 8637.0
1 1 0 0 0 0 0 0 0 1 0 1 1 0 0 0 1 0 1 1 0 0 1 1 1 1 0 1 1 1 
18 19 11 24 25 22 25 12 27 29 24 23 25 9 18 11 19 11 12 0 25 9 22 22 22 23 29 18 29 29 29 23 23 23 0 22 25 12 19 11 27 12 27 23 28 25 9 22 9 16 19 0 9 18 18 18 19 22 23 29 29 27 1 29 28 28 1 27 28 29 
Case 44   Data Name: ./Instances/p44   Time cost: 124.70351123809814
Cost: 7526.0
1 1 1 1 1 1 1 1 1 1 
4 4 4 4 4 4 4 4 6 6 0 0 0 0 0 0 1 1 1 1 6 1 6 2 2 2 2 2 2 2 2 3 3 3 3 3 3 3 3 3 4 0 1 5 8 8 7 5 9 9 7 6 5 5 8 8 7 7 9 5 5 5 3 3 0 6 6 8 1 0 4 9 9 7 7 9 6 6 5 8 7 7 9 9 9 7 6 5 7 5 
Case 45   Data Name: ./Instances/p45   Time cost: 214.81345582008362
Cost: 9790.0
1 1 0 1 0 1 1 0 1 1 0 1 1 1 0 1 1 1 1 1 
19 0 0 0 0 0 0 1 1 1 1 6 6 5 6 3 3 3 3 3 3 11 11 11 11 11 11 12 11 16 16 16 16 16 16 16 16 16 0 0 3 3 11 3 18 16 19 3 15 16 8 13 11 16 18 19 16 15 9 9 12 9 15 17 13 13 8 12 9 9 18 12 13 17 17 17 8 16 9 13 
Case 46   Data Name: ./Instances/p46   Time cost: 288.14582657814026
Cost: 8116.0
1 1 1 1 0 1 0 0 0 0 0 1 0 1 0 1 1 0 0 0 0 0 0 0 1 0 1 0 0 1 
0 29 29 0 0 0 0 1 1 1 1 11 11 11 11 2 2 2 2 2 2 5 5 5 5 5 5 16 13 13 16 13 16 16 0 2 2 5 24 1 29 2 15 29 24 26 26 29 16 29 3 13 13 11 24 13 16 1 2 24 15 15 29 26 26 26 26 13 15 11 
Case 47   Data Name: ./Instances/p47   Time cost: 125.10634279251099
Cost: 6959.0
1 1 1 1 1 1 1 1 1 1 
9 0 0 0 0 2 2 0 0 1 1 2 1 2 1 1 1 2 2 2 2 2 2 2 2 2 2 3 3 3 3 3 3 3 3 4 4 4 4 4 4 4 4 4 4 4 4 5 5 5 5 5 5 5 6 6 6 6 6 6 6 6 7 7 6 4 6 0 7 7 7 7 7 7 8 8 6 8 0 8 8 0 9 9 9 0 8 1 9 9 
Case 48   Data Name: ./Instances/p48   Time cost: 215.77085185050964
Cost: 7611.0
1 1 1 0 1 0 1 0 1 1 1 1 1 1 0 1 1 1 0 1 
0 0 0 0 1 0 1 1 1 2 2 2 2 2 2 4 4 4 4 4 4 4 4 4 6 6 6 6 6 6 6 8 8 8 8 8 9 8 9 9 9 9 10 10 10 10 10 10 12 13 12 13 13 12 13 15 15 13 15 12 0 15 15 15 15 16 16 17 17 17 17 17 17 19 19 19 19 19 11 19 
Case 49   Data Name: ./Instances/p49   Time cost: 284.2284758090973
Cost: 8250.0
1 1 1 0 1 0 1 1 1 0 0 0 1 1 0 0 0 0 0 0 1 0 0 0 1 1 1 1 0 0 
0 1 1 2 1 2 2 2 4 4 4 4 4 6 6 6 7 7 7 7 7 7 8 8 8 8 8 13 12 12 13 13 12 13 13 13 13 13 12 13 13 13 20 20 20 20 20 20 25 20 25 20 0 25 25 25 26 25 26 26 25 26 25 26 27 27 27 24 27 27 
Case 50   Data Name: ./Instances/p50   Time cost: 136.45612621307373
Cost: 9873.0
1 1 1 1 1 1 1 1 1 1 
3 6 3 0 2 9 5 5 3 7 7 4 6 9 0 9 9 2 5 3 0 0 6 4 0 4 7 4 4 7 7 7 3 3 3 5 9 9 0 6 0 9 9 2 5 5 5 5 5 3 3 5 6 0 0 0 9 6 1 2 9 7 7 7 3 3 0 4 7 7 3 6 6 0 0 4 4 3 3 4 3 5 2 9 2 2 6 7 2 7 9 9 1 2 1 8 1 1 1 1 
Case 51   Data Name: ./Instances/p51   Time cost: 273.76640152931213
Cost: 10584.0
1 0 0 1 0 1 1 1 0 0 1 0 1 1 1 1 1 1 1 1 
15 6 19 10 12 18 5 16 15 7 5 14 0 13 6 13 13 16 5 15 10 10 10 14 14 14 15 17 19 7 5 5 17 19 15 5 13 13 10 0 0 6 13 13 16 5 5 5 3 17 15 5 0 10 14 0 6 0 18 12 13 5 5 5 15 15 10 19 7 7 15 0 0 10 10 19 19 19 19 19 19 16 12 16 13 12 13 5 12 5 13 18 13 18 18 13 18 13 13 13 
Case 52   Data Name: ./Instances/p52   Time cost: 144.48778128623962
Cost: 10391.0
0 1 1 1 1 1 1 1 1 1 
7 7 7 7 7 7 7 7 3 4 4 4 3 4 4 4 4 5 3 8 8 3 3 8 3 9 9 9 9 9 5 9 9 5 6 6 6 6 6 6 6 6 6 6 7 7 4 8 8 5 5 3 4 6 7 5 3 3 3 4 6 9 5 5 8 8 5 6 4 7 6 6 4 3 3 5 8 4 7 1 6 3 3 5 5 3 2 7 8 3 5 9 9 1 5 1 3 4 3 7 
Case 53   Data Name: ./Instances/p53   Time cost: 284.7740981578827
Cost: 12579.0
0 1 1 1 0 1 1 1 0 1 0 1 1 1 0 1 1 1 1 1 
5 5 5 5 5 5 5 5 1 19 19 7 7 7 15 7 7 13 13 13 3 13 13 13 12 9 9 9 2 9 2 9 9 2 18 18 18 18 18 18 18 18 18 5 5 5 19 12 12 2 13 3 7 18 16 11 3 3 1 6 18 2 12 13 12 13 2 5 7 16 17 18 6 3 3 13 3 7 6 2 18 19 12 2 9 3 1 5 12 3 11 2 17 9 2 17 1 6 3 16 
Case 54   Data Name: ./Instances/p54   Time cost: 144.67640018463135
Cost: 10234.0
1 1 1 1 1 1 1 1 1 1 
7 7 7 7 7 7 7 2 2 2 2 2 2 2 2 2 2 2 2 2 3 3 2 3 3 3 3 3 3 3 3 3 3 3 3 3 3 3 3 6 6 6 8 8 1 6 8 6 8 8 8 3 6 6 6 6 8 6 6 6 6 5 5 6 5 5 5 6 6 4 0 0 0 5 7 0 0 0 0 0 0 0 0 4 4 4 4 4 4 4 4 4 9 9 4 9 2 9 9 9 
Case 55   Data Name: ./Instances/p55   Time cost: 264.54683661460876
Cost: 11129.0
1 0 1 1 0 0 1 1 1 1 1 1 1 1 1 1 1 1 1 0 
17 18 16 17 16 17 16 8 8 8 2 8 8 8 2 2 2 2 8 12 6 12 12 14 2 12 14 12 6 6 6 14 14 6 6 3 6 6 6 7 7 10 0 7 7 10 0 0 0 0 0 0 7 7 7 7 10 7 10 7 11 11 11 7 11 11 7 7 11 9 9 11 9 11 18 13 9 13 9 9 9 15 15 15 15 15 15 15 15 15 15 18 18 18 17 17 18 18 18 18 
Case 56   Data Name: ./Instances/p56   Time cost: 763.6747052669525
Cost: 34456.0
1 0 1 1 1 1 1 1 1 1 1 1 1 1 1 1 1 1 1 1 1 1 1 1 1 1 1 1 1 0 
18 19 2 24 15 11 16 0 22 27 4 19 13 23 19 28 3 10 22 0 18 21 5 24 13 7 0 20 4 2 19 19 4 16 12 12 8 8 2 15 18 13 11 26 3 26 13 21 19 14 0 16 24 24 8 11 18 14 18 18 19 2 7 20 13 11 10 14 17 25 7 11 19 20 5 5 8 13 9 16 23 2 14 7 4 20 12 0 24 7 27 19 25 25 0 3 27 12 24 11 28 15 27 18 4 2 4 0 22 9 14 4 11 12 25 9 0 18 17 20 9 18 17 4 26 21 2 28 26 14 11 24 12 10 17 8 3 3 17 17 25 22 17 7 25 5 21 2 18 12 24 17 23 27 8 28 16 16 20 3 13 27 20 6 2 24 10 26 13 21 23 20 14 8 26 2 21 8 26 20 21 21 23 19 12 8 11 5 27 21 2 2 12 4 7 12 7 2 10 28 
Case 57   Data Name: ./Instances/p57   Time cost: 787.9169476032257
Cost: 46025.0
1 1 1 1 1 1 1 1 1 1 1 1 1 1 1 1 1 1 1 1 1 1 1 1 1 1 1 1 1 1 
18 19 2 22 21 19 15 11 27 0 29 19 23 3 28 18 1 10 22 24 24 24 2 22 2 11 22 28 29 15 6 19 19 16 11 19 9 8 24 15 7 8 25 26 1 19 3 21 14 10 24 16 2 24 8 14 11 9 27 25 4 2 25 20 13 28 5 17 12 11 18 12 12 9 5 1 19 10 20 22 14 5 8 7 29 23 4 0 18 27 28 6 12 11 0 1 28 11 17 17 17 0 6 18 29 2 4 21 22 13 26 6 27 12 11 14 28 7 28 20 20 7 28 6 20 16 21 12 26 5 28 0 18 10 3 20 3 1 0 14 12 22 28 25 12 17 24 15 27 12 24 17 23 17 8 0 23 15 3 13 5 0 10 15 5 0 2 4 1 15 23 10 28 14 26 0 17 8 6 14 2 21 2 6 12 8 11 14 0 2 16 21 6 29 28 12 1 15 8 17 
Case 58   Data Name: ./Instances/p58   Time cost: 845.1916465759277
Cost: 63342.0
1 1 1 1 1 1 1 1 1 1 1 1 1 1 1 1 1 1 1 1 0 1 1 1 1 1 1 1 1 1 
18 12 16 27 2 12 24 18 18 12 26 17 10 1 19 18 3 10 22 0 27 16 5 24 10 18 24 19 29 24 28 19 19 16 27 4 13 3 24 5 18 9 11 26 3 14 8 12 17 9 0 22 24 16 9 11 18 9 18 25 4 2 18 9 13 11 2 10 28 11 7 12 19 9 14 1 3 5 8 24 1 17 26 25 4 13 19 2 0 7 28 6 25 25 2 1 11 12 0 28 17 16 25 7 19 0 29 16 27 8 19 26 27 28 12 9 28 18 14 3 4 11 28 4 9 21 2 12 19 28 11 24 11 14 1 10 1 3 14 10 11 24 11 11 25 23 21 15 27 25 21 17 13 17 13 28 15 16 8 23 3 0 14 21 5 22 23 4 3 15 23 10 19 23 26 2 24 10 4 10 5 15 21 12 6 9 17 10 17 24 5 21 4 4 25 6 7 21 10 14 
Case 59   Data Name: ./Instances/p59   Time cost: 854.9835221767426
Cost: 47907.0
1 1 1 1 1 1 1 1 1 1 0 1 1 1 1 0 1 1 1 1 1 1 1 1 1 1 1 1 1 1 
22 19 2 27 21 11 21 11 22 27 19 28 23 1 29 18 3 20 22 24 27 16 5 27 20 7 27 17 26 5 6 6 4 21 27 12 8 9 24 16 7 9 6 4 20 4 8 21 19 19 27 21 24 21 9 12 25 9 25 18 26 27 7 3 20 25 2 14 6 12 7 6 6 9 23 5 9 13 9 22 20 0 26 7 4 13 4 5 27 7 28 12 25 7 17 1 28 19 17 17 28 21 11 25 4 2 6 0 18 3 14 4 18 6 28 8 11 18 28 3 9 25 28 6 19 16 2 11 26 28 28 24 25 20 20 26 13 13 17 20 11 27 11 12 11 0 24 24 22 12 24 17 23 0 8 6 2 2 13 13 1 27 14 2 23 22 5 4 1 21 13 20 14 14 26 2 0 8 26 8 2 21 2 19 28 9 28 13 2 16 2 16 28 6 7 25 22 2 17 6 
Case 60   Data Name: ./Instances/p60   Time cost: 808.3809440135956
Cost: 34913.0
1 1 1 1 1 1 1 1 1 1 1 1 1 1 1 0 1 1 1 1 1 1 1 1 1 1 0 1 1 1 
18 6 21 27 2 12 21 28 22 28 4 14 13 3 28 7 3 20 16 17 18 16 23 24 13 27 22 19 29 21 19 19 4 16 27 25 8 8 24 16 7 9 6 29 13 19 3 16 19 9 18 16 21 21 8 12 25 29 18 12 4 2 25 9 13 12 10 14 0 12 27 28 6 9 2 10 20 13 13 16 23 17 20 7 4 20 4 10 16 7 28 14 12 11 17 7 25 6 24 28 28 21 11 7 19 24 4 22 22 10 4 6 18 12 25 10 11 7 28 9 14 11 17 28 19 16 2 25 9 0 28 16 25 20 23 9 5 8 28 10 6 18 12 12 25 17 21 2 27 7 27 24 23 24 20 28 2 16 20 13 20 24 10 24 5 27 5 4 1 2 1 20 19 17 4 0 0 20 6 14 5 24 21 19 11 20 28 23 0 2 2 21 25 4 18 25 12 5 0 19 
Case 61   Data Name: ./Instances/p61   Time cost: 793.9061787128448
Cost: 42679.0
1 1 1 1 1 1 1 1 1 1 1 1 1 1 1 1 1 1 1 1 1 1 0 1 1 1 1 1 1 1 
7 26 2 27 2 25 15 28 28 11 29 28 23 23 19 18 1 14 18 27 24 16 10 15 14 27 27 14 4 13 19 6 4 16 27 6 8 8 24 16 7 20 28 4 8 29 8 15 17 14 0 24 21 21 8 6 27 9 18 7 29 0 7 13 1 11 2 28 19 12 7 12 6 20 10 10 10 23 20 21 10 17 9 11 29 1 19 2 27 7 17 4 11 25 23 3 11 6 14 28 17 15 12 18 4 27 19 2 27 1 14 4 27 12 25 3 17 18 17 13 26 11 17 19 9 16 24 12 26 17 18 24 25 20 13 20 3 3 28 23 12 16 19 11 25 5 24 15 27 25 24 17 23 0 8 28 5 26 13 13 23 0 14 0 0 18 5 6 1 2 10 20 19 20 19 24 24 13 4 10 21 21 2 28 12 13 11 23 17 16 2 15 12 19 7 12 11 21 23 6 
Case 62   Data Name: ./Instances/p62   Time cost: 817.2465295791626
Cost: 62325.0
1 1 1 1 1 1 1 1 1 0 1 1 1 1 1 1 1 1 1 1 0 1 1 1 1 1 1 1 1 1 
18 19 2 18 21 11 24 28 22 28 6 28 23 13 28 22 1 5 24 0 22 16 2 0 10 18 22 17 26 5 19 19 4 29 27 4 8 13 24 21 11 26 11 8 13 6 3 16 19 10 0 22 2 15 8 12 18 29 18 11 29 0 12 8 13 11 5 17 6 25 22 25 14 14 23 23 23 2 8 16 10 17 26 25 4 1 19 5 16 18 17 4 25 25 2 13 22 19 14 19 14 15 12 7 4 2 26 24 27 3 6 4 27 12 25 13 11 25 0 3 14 11 17 19 29 16 15 6 19 5 11 0 19 8 23 8 3 13 28 0 12 22 11 25 25 2 24 15 18 25 24 17 23 27 8 28 2 16 5 3 13 17 23 24 5 22 1 4 3 21 1 3 19 14 26 0 0 14 29 10 2 21 24 28 12 8 12 23 0 2 2 24 6 4 7 12 7 24 23 19 
Case 63   Data Name: ./Instances/p63   Time cost: 828.8154454231262
Cost: 48730.0
0 1 1 1 1 1 1 1 1 1 1 1 1 1 1 1 1 1 1 1 1 1 1 1 1 1 1 1 1 1 
27 19 21 22 15 11 16 28 27 17 4 17 8 13 28 18 5 20 22 27 18 21 5 24 13 7 24 17 29 15 19 4 26 15 27 6 8 14 2 15 18 9 6 4 20 26 13 16 28 14 24 15 2 16 9 6 25 9 7 25 4 24 7 8 3 25 23 10 19 28 22 12 6 9 1 5 9 5 10 16 23 17 9 7 29 23 6 21 22 7 19 6 12 11 17 3 17 6 5 17 17 22 25 25 4 2 29 22 22 3 14 4 11 11 11 20 28 7 17 20 9 25 17 29 9 15 21 11 26 17 17 24 11 23 23 9 13 14 28 17 28 18 19 11 25 5 16 16 16 25 21 10 23 27 10 28 23 15 10 13 20 24 23 2 23 22 5 4 3 24 5 20 17 14 9 5 24 10 29 13 5 21 2 28 11 9 28 23 17 16 5 21 14 6 25 6 7 21 10 19 
Case 64   Data Name: ./Instances/p64   Time cost: 737.3459756374359
Cost: 34541.0
1 1 1 1 1 1 1 1 1 1 1 1 1 1 1 1 0 1 1 1 1 1 1 1 1 1 1 1 1 1 
27 6 2 24 21 12 15 11 22 0 29 6 10 8 28 7 1 9 22 27 18 15 1 24 10 27 0 17 4 23 19 6 6 22 28 6 20 20 24 15 18 9 12 26 20 6 3 21 19 20 24 21 21 27 9 19 7 9 18 25 9 24 11 14 3 25 0 19 19 11 18 11 26 8 10 10 20 10 8 24 23 14 19 25 19 13 6 10 27 12 11 28 25 25 2 8 28 19 17 19 17 21 11 18 6 0 29 24 0 5 26 26 27 12 28 20 11 7 0 8 26 12 0 4 26 22 2 11 19 0 6 24 25 8 5 9 1 3 0 10 12 24 18 25 7 2 24 15 18 25 27 0 23 24 8 11 23 15 8 10 1 28 5 24 23 17 5 29 3 21 23 20 28 14 26 21 17 10 29 20 2 21 2 28 25 9 6 23 28 21 5 21 6 4 7 12 25 2 23 19 
Case 65   Data Name: ./Instances/p65   Time cost: 733.714239358902
Cost: 43014.0
1 1 1 1 1 1 1 1 1 1 1 1 1 1 1 1 1 1 1 1 1 1 1 1 1 1 1 1 1 0 
18 19 2 27 5 12 21 28 22 27 4 28 23 1 28 25 1 20 16 22 18 16 5 24 10 16 22 20 4 15 19 19 19 24 27 12 8 9 24 16 7 9 19 26 8 19 8 24 14 10 22 16 21 2 8 26 11 9 18 7 9 2 7 9 23 11 5 14 19 11 25 12 19 9 10 13 10 23 13 24 5 20 26 25 4 13 19 2 27 25 28 12 18 11 2 3 28 19 17 28 17 15 25 7 20 2 4 27 22 3 14 4 17 6 12 20 11 18 0 3 14 11 19 26 14 15 24 25 26 17 27 24 6 14 1 26 1 20 28 14 25 24 6 11 11 23 2 21 27 12 27 28 10 11 23 18 2 15 5 3 23 27 10 2 5 27 2 4 1 21 23 20 17 14 26 5 0 23 4 10 23 21 24 28 6 20 28 5 17 16 5 15 12 4 2 6 18 2 10 19 
Case 66   Data Name: ./Instances/p66   Time cost: 773.8985528945923
Cost: 63079.0
1 1 1 1 1 1 1 1 0 1 1 1 1 1 1 1 1 1 1 1 1 1 1 1 1 1 1 1 1 1 
18 28 5 16 16 11 21 27 18 28 4 28 10 20 17 7 1 14 22 0 27 2 5 24 10 18 27 28 4 2 19 4 26 16 28 6 13 20 27 15 27 9 6 26 20 19 10 2 19 20 22 16 21 21 10 6 25 9 18 25 4 17 25 9 13 25 5 14 19 11 18 12 4 26 23 23 13 17 13 24 14 17 9 7 26 10 6 0 27 11 28 19 25 7 0 1 27 6 23 28 28 15 29 7 29 24 4 17 27 13 19 4 27 19 6 14 11 18 14 9 29 12 17 19 26 24 2 12 26 17 28 2 25 10 5 9 23 3 28 28 6 0 12 11 25 17 24 21 27 25 16 23 3 10 10 28 2 15 20 3 23 27 23 24 23 0 5 4 13 21 28 20 6 9 9 2 0 20 29 14 5 15 0 19 11 20 28 23 0 24 24 2 6 19 7 12 7 21 10 19 
Case 67   Data Name: ../Instances/p67   Time cost: 864.4569127559662
Cost: 49651.0
1 1 1 1 1 0 1 1 1 1 1 1 1 1 1 1 1 1 1 1 1 1 0 1 1 1 1 1 1 0 
25 26 21 27 21 12 15 28 16 17 4 28 10 1 17 27 3 20 27 24 18 16 23 21 14 27 24 17 4 23 19 4 4 21 11 6 20 8 2 15 27 9 6 19 9 26 20 16 14 10 2 24 2 21 13 6 11 8 18 11 19 17 18 8 1 12 10 14 19 25 18 12 6 26 13 10 8 23 10 24 13 28 20 12 4 13 26 21 27 11 28 14 12 11 20 3 11 6 10 17 28 15 18 18 26 27 4 18 24 1 26 4 18 6 25 8 11 11 14 9 14 18 14 19 9 16 21 11 6 0 28 2 12 10 13 9 13 13 28 9 11 16 12 25 25 23 16 15 18 12 24 0 20 27 3 25 2 24 20 3 8 27 10 0 23 11 1 26 7 21 23 13 17 14 8 23 27 8 4 20 0 21 24 28 12 20 11 23 27 16 2 21 26 4 18 28 18 2 20 19 
Case 68   Data Name: ../Instances/p68   Time cost: 827.8692879676819
Cost: 34516.0
1 1 1 1 1 1 1 1 1 0 1 1 1 1 1 1 1 1 1 1 1 1 1 1 1 1 1 1 1 1 
18 6 24 27 5 28 16 27 22 11 29 19 13 23 19 7 23 10 22 24 24 2 5 24 23 3 27 28 29 15 6 26 19 16 25 12 20 20 27 21 27 8 6 26 10 4 10 0 19 14 2 16 2 21 20 6 28 8 18 25 26 0 25 20 13 25 5 28 19 12 7 11 6 3 5 10 20 23 8 16 13 2 4 7 4 20 4 5 24 25 28 6 11 11 2 13 12 28 17 11 11 15 12 25 19 2 19 16 21 3 4 4 27 12 19 20 28 25 17 8 20 27 0 14 4 21 21 28 19 17 28 24 12 20 3 8 3 13 17 14 12 22 11 25 12 2 24 21 27 11 24 0 0 5 20 27 5 15 3 3 8 27 10 24 23 27 13 29 1 21 5 20 14 14 26 0 27 10 6 14 21 15 2 17 12 8 12 10 17 21 2 24 6 6 7 12 7 21 23 19 
Case 69   Data Name: ../Instances/p69   Time cost: 799.9781959056854
Cost: 42842.0
1 1 1 1 1 1 1 1 1 1 1 1 1 1 1 1 1 1 1 1 0 1 1 1 1 1 1 1 1 1 
22 19 21 22 2 11 15 11 22 18 4 28 23 1 28 11 1 23 22 17 27 2 5 24 23 22 24 28 29 2 26 19 19 24 18 11 10 13 24 16 18 9 6 29 3 6 3 2 6 17 24 16 16 21 8 19 12 9 18 25 29 5 25 13 8 11 23 14 28 6 7 12 4 9 2 10 13 23 26 24 13 0 26 11 25 1 12 5 22 7 0 19 11 12 2 3 0 12 10 28 17 15 11 27 29 24 29 22 22 8 14 6 17 12 12 8 0 25 0 8 26 7 19 19 26 21 2 11 26 21 28 24 25 13 23 26 3 3 17 9 11 27 11 6 25 23 22 15 18 25 24 19 23 17 8 12 5 16 3 1 13 27 23 2 0 24 1 26 10 21 13 10 14 23 26 2 0 10 29 14 5 15 21 19 6 8 28 23 17 21 2 2 26 4 25 6 7 2 10 19 
Case 70   Data Name: ../Instances/p70   Time cost: 800.0469789505005
Cost: 64795.0
1 1 1 1 1 1 1 1 1 1 1 1 1 1 1 0 1 1 1 1 1 1 1 1 1 1 1 1 1 1 
27 6 21 22 21 12 21 0 18 27 4 28 23 1 19 11 23 23 27 2 18 24 5 0 10 27 24 14 29 2 19 19 4 21 27 12 8 9 24 21 18 8 6 4 9 28 8 21 19 26 27 16 5 16 20 6 25 9 18 18 29 2 25 8 13 12 2 17 19 18 27 25 19 9 17 13 20 23 10 16 10 2 20 18 29 13 19 5 24 11 28 26 28 25 23 3 28 25 17 27 17 24 11 27 6 0 4 21 16 13 17 4 16 6 12 20 6 25 19 9 9 6 17 4 19 16 2 28 6 17 28 16 6 8 1 19 3 3 28 10 12 22 12 11 28 23 27 21 22 11 16 17 1 17 3 12 2 16 3 23 13 17 23 24 13 27 5 26 23 21 13 23 17 14 19 2 0 7 14 20 5 21 2 28 25 8 28 1 27 24 2 21 6 26 25 4 11 16 10 19 
Case 71   Data Name: ../Instances/p71   Time cost: 878.8079750537872
Cost: 46916.0
1 1 1 1 1 1 1 1 0 0 1 0 1 1 1 1 1 1 1 1 1 1 1 1 1 0 1 1 1 1 
18 19 2 22 15 12 5 27 22 0 26 19 10 13 28 18 10 20 18 17 18 22 5 24 5 22 24 0 4 15 6 26 4 15 28 6 17 13 22 21 22 3 12 4 13 26 13 21 4 26 22 16 24 21 13 6 7 23 7 7 29 2 18 13 23 12 21 14 28 12 18 12 12 26 23 13 20 23 20 24 20 0 26 7 4 10 29 23 27 7 28 4 18 28 0 3 18 12 17 28 17 15 12 18 4 24 26 24 18 3 14 6 27 12 28 10 28 7 17 20 19 12 17 19 26 15 2 28 26 2 12 21 12 14 5 20 3 20 28 23 19 18 17 12 12 5 24 24 18 7 2 17 5 27 20 28 23 16 13 3 13 27 20 24 23 27 23 26 13 21 23 14 14 10 14 2 24 17 4 20 23 15 22 12 12 20 14 20 17 16 2 2 6 6 7 1 7 2 13 6 
